2024-11-13 14:33:31
STARLINK-4362           
1 53043U 22077A   24317.94612481  .00000336  00000+0  30770-4 0  9997
2 53043  97.6535 136.6498 0000235 220.5086 139.6120 15.01260386128647
STARLINK-4349           
1 53044U 22077B   24318.07572552  .00001438  00000+0  11650-3 0  9996
2 53044  97.6546 136.7759 0000715 231.9352 128.1808 15.01258918129247
STARLINK-4350           
1 53045U 22077C   24317.94798097  .00000937  00000+0  77515-4 0  9992
2 53045  97.6534 136.6358 0000956  83.0157 277.1176 15.01261472128640
STARLINK-4331           
1 53046U 22077D   24318.07967727 -.00004701  00000+0 -36159-3 0  9999
2 53046  97.6551 136.7683 0000098 201.2766 158.8454 15.01267456129248
STARLINK-4352           
1 53047U 22077E   24318.05930441 -.00001551  00000+0 -11620-3 0  9997
2 53047  97.6605 136.7942 0001243 200.0446 160.0730 15.01255189129244
STARLINK-4355           
1 53048U 22077F   24317.93895876 -.00001173  00000+0 -86736-4 0  9997
2 53048  97.6545 136.6406 0001303 214.2232 145.8909 15.01269222128633
STARLINK-4345           
1 53049U 22077G   24317.93131402  .00001105  00000+0  90618-4 0  9993
2 53049  97.6548 136.6402 0000323 129.4043 230.7210 15.01260464128639
STARLINK-4343           
1 53050U 22077H   24318.07013411  .00004281  00000+0  33733-3 0  9992
2 53050  97.6592 136.7655 0004103 210.6040 149.4945 15.01301809129238
STARLINK-4336           
1 53051U 22077J   24317.93872791  .00000960  00000+0  79342-4 0  9998
2 53051  97.6545 136.6242 0002065 215.0664 145.0425 15.01262472128634
STARLINK-4341           
1 53052U 22077K   24317.93501756  .00002194  00000+0  17537-3 0  9997
2 53052  97.6541 136.6374 0001078 190.0293 170.0910 15.01261332128631
STARLINK-4337           
1 53053U 22077L   24318.06089837  .00005590  00000+0  43921-3 0  9993
2 53053  97.6611 136.7640 0000674 126.0942 234.0344 15.01279816129233
STARLINK-4339           
1 53054U 22077M   24318.06649866  .00001988  00000+0  15935-3 0  9999
2 53054  97.6559 136.7646 0003188  44.5761 315.5719 15.01248634129232
STARLINK-4338           
1 53055U 22077N   24317.92576515  .00000878  00000+0  72947-4 0  9998
2 53055  97.6576 136.6374 0001668  81.1844 278.9569 15.01258871128631
STARLINK-4314           
1 53056U 22077P   24317.92946383  .00001178  00000+0  96320-4 0  9998
2 53056  97.6567 136.6346 0000476 127.7482 232.3786 15.01258717128636
STARLINK-4252           
1 53057U 22077Q   24317.92205738 -.00003316  00000+0 -25355-3 0  9998
2 53057  97.6558 136.6379 0001377  92.3474 267.7908 15.01281363128633
STARLINK-4317           
1 53058U 22077R   24318.07413543 -.00000443  00000+0 -29922-4 0  9994
2 53058  97.6583 136.7367 0002600 221.0376 139.0653 15.01249899128650
STARLINK-4320           
1 53059U 22077S   24317.91859642 -.00001434  00000+0 -10700-3 0  9995
2 53059  97.6560 136.6370 0001940  88.3230 271.8216 15.01277645128636
STARLINK-4305           
1 53060U 22077T   24317.45734675  .00000875  00000+0  72742-4 0  9995
2 53060  97.6570 136.1778 0000839  91.4286 268.7034 15.01259528128563
STARLINK-4308           
1 53061U 22077U   24317.78320325 -.00000023  00000+0  27859-5 0  9991
2 53061  97.6557 136.5045 0002602  89.5812 270.5710 15.01263351128610
STARLINK-4311           
1 53062U 22077V   24318.05350421  .00001705  00000+0  13727-3 0  9997
2 53062  97.6526 136.7663 0002194  83.7130 276.4344 15.01259926129230
STARLINK-4307           
1 53063U 22077W   24318.07387769  .00004055  00000+0  32019-3 0  9991
2 53063  97.6543 136.7911 0001559 209.1249 150.9889 15.01255142129242
STARLINK-4313           
1 53064U 22077X   24317.91837354 -.00000186  00000+0 -98671-5 0  9995
2 53064  97.6560 136.6371 0002230  94.5650 265.5829 15.01258004128639
STARLINK-4312           
1 53065U 22077Y   24317.77950046  .00000836  00000+0  69703-4 0  9997
2 53065  97.6566 136.5018 0002801  79.4004 280.7536 15.01262065128616
STARLINK-4309           
1 53066U 22077Z   24317.77789746 -.00001288  00000+0 -95680-4 0  9992
2 53066  97.6543 136.5082 0003105  86.1537 274.0043 15.01254130128610
STARLINK-4306           
1 53067U 22077AA  24317.77579961  .00000416  00000+0  36954-4 0  9998
2 53067  97.6537 136.4980 0003387  80.5724 279.5882 15.01260594128610
STARLINK-4325           
1 53068U 22077AB  24317.91465365  .00000193  00000+0  19642-4 0  9994
2 53068  97.6557 136.6268 0002325  92.7025 267.4466 15.01266936128636
STARLINK-4323           
1 53069U 22077AC  24318.10536601  .00005769  00000+0  45345-3 0  9991
2 53069  97.6544 136.8215 0002773  69.0301 291.1220 15.01253341129244
STARLINK-4342           
1 53070U 22077AD  24318.04424806  .00001333  00000+0  10843-3 0  9997
2 53070  97.6552 136.7631 0002797  47.7871 312.3590 15.01230888129233
STARLINK-4328           
1 53071U 22077AE  24318.10352583  .00008241  00000+0  64534-3 0  9998
2 53071  97.6531 136.8182 0004067  49.2940 310.8637 15.01261866129245
STARLINK-4344           
1 53072U 22077AF  24318.09980235  .00001481  00000+0  11988-3 0  9992
2 53072  97.6533 136.8291 0002691  57.9767 302.1719 15.01258599129247
STARLINK-4346           
1 53073U 22077AG  24317.23727512  .00002534  00000+0  20180-3 0  9999
2 53073  97.6545 135.9556 0002999  65.9382 294.2155 15.01253721128536
STARLINK-4310           
1 53074U 22077AH  24318.10721062  .00001526  00000+0  12341-3 0  9991
2 53074  97.6544 136.8167 0003223  61.7591 298.3958 15.01258552129243
STARLINK-4348           
1 53075U 22077AJ  24317.76839509  .00001311  00000+0  10665-3 0  9998
2 53075  97.6542 136.4751 0002861  61.9872 298.1642 15.01258263128615
STARLINK-4347           
1 53076U 22077AK  24318.10005147  .00003911  00000+0  30888-3 0  9998
2 53076  97.6565 136.8166 0002930  54.0192 306.1304 15.01265541129242
STARLINK-4315           
1 53077U 22077AL  24318.09368968  .00008974  00000+0  69681-3 0  9997
2 53077  97.6530 136.8004 0002451  55.1873 304.9581 15.01564902129248
STARLINK-4322           
1 53078U 22077AM  24318.09795550  .00003646  00000+0  28841-3 0  9993
2 53078  97.6532 136.8084 0003084  63.3470 296.8070 15.01247763129241
STARLINK-4327           
1 53079U 22077AN  24318.09241866 -.00000665  00000+0 -47223-4 0  9996
2 53079  97.6554 136.7972 0002394  82.3069 277.8427 15.01239409129242
STARLINK-4330           
1 53080U 22077AP  24318.09609935  .00001276  00000+0  10388-3 0  9991
2 53080  97.6534 136.8040 0002139  70.6906 289.4549 15.01259450129248
STARLINK-4326           
1 53081U 22077AQ  24318.09634012 -.00004163  00000+0 -31970-3 0  9996
2 53081  97.6536 136.7877 0002196  65.2766 294.8686 15.01261084129243
STARLINK-4321           
1 53082U 22077AR  24317.95723605 -.00000446  00000+0 -30111-4 0  9995
2 53082  97.6529 136.6643 0001711  93.9822 266.1598 15.01266464128643
STARLINK-4251           
1 53083U 22077AS  24318.07758179  .00003238  00000+0  25658-3 0  9993
2 53083  97.6541 136.7776 0000782 111.9196 248.2111 15.01262931129242
STARLINK-4319           
1 53084U 22077AT  24318.02205803  .00007829  00000+0  61350-3 0  9999
2 53084  97.6532 136.7279 0001507  84.0912 276.0484 15.01258167129230
STARLINK-4324           
1 53085U 22077AU  24317.95006832 -.00003364  00000+0 -25734-3 0  9990
2 53085  97.6539 136.6587 0001111  84.1817 275.9533 15.01277537128644
STARLINK-4318           
1 53086U 22077AV  24318.08683775  .00001630  00000+0  13146-3 0  9999
2 53086  97.6539 136.7907 0001529  88.1732 271.9668 15.01260432129243
STARLINK-4329           
1 53087U 22077AW  24317.95168641  .00004986  00000+0  39248-3 0  9993
2 53087  97.6526 136.6489 0001534  94.4882 265.6518 15.01264922128641
STARLINK-4333           
1 53088U 22077AX  24318.08313662  .00001274  00000+0  10376-3 0  9992
2 53088  97.6539 136.7860 0001016  85.6029 274.5311 15.01257647129243
STARLINK-4391           
1 53189U 22084A   24318.15683871 -.00021577  00000+0 -16825-2 0  9996
2 53189  97.6574  16.8354 0001770  93.9613 266.1813 15.01212274127450
STARLINK-4332           
1 53190U 22084B   24317.91774555  .00004343  00000+0  34248-3 0  9991
2 53190  97.6596  16.6161 0001677  82.3373 277.8042 15.01264609127701
STARLINK-4369           
1 53191U 22084C   24317.87886138  .00003291  00000+0  26074-3 0  9997
2 53191  97.6574  16.5719 0000972 241.8824 118.2302 15.01252064127020
STARLINK-4375           
1 53192U 22084D   24317.74369770 -.00000729  00000+0 -52194-4 0  9990
2 53192  97.6568  16.4384 0001774 245.5682 114.5357 15.01251524127675
STARLINK-4351           
1 53193U 22084E   24317.88257218  .00005287  00000+0  41597-3 0  9995
2 53193  97.6553  16.5758 0000814  79.3093 280.8223 15.01255700128040
STARLINK-4382           
1 53194U 22084F   24318.14732396  .00005088  00000+0  40046-3 0  9998
2 53194  97.6563  16.8372 0000892 102.5488 257.5836 15.01258182127441
STARLINK-4404           
1 53195U 22084G   24317.73445056  .00005470  00000+0  43011-3 0  9997
2 53195  97.6571  16.4461 0000350 110.4038 249.7224 15.01259773127670
STARLINK-4407           
1 53196U 22084H   24318.13623154  .00000138  00000+0  15372-4 0  9996
2 53196  97.6575  16.8427 0001462 196.1112 164.0066 15.01243694127443
STARLINK-4403           
1 53197U 22084J   24317.73813225 -.00000909  00000+0 -66195-4 0  9999
2 53197  97.6574  16.4305 0001798 218.0763 142.0334 15.01248574127000
STARLINK-4385           
1 53198U 22084K   24317.74185258  .00007230  00000+0  56684-3 0  9992
2 53198  97.6570  16.4355 0002151 238.9820 121.1193 15.01266357127663
STARLINK-4395           
1 53199U 22084L   24317.74000196  .00006709  00000+0  52632-3 0  9999
2 53199  97.6573  16.4245 0002259 208.7201 151.3899 15.01267529127000
STARLINK-4417           
1 53200U 22084M   24317.73654026 -.00000231  00000+0 -13361-4 0  9991
2 53200  97.6581  16.4380 0001343  17.6824 342.4446 15.01249845127667
STARLINK-4405           
1 53201U 22084N   24317.92724393  .00003632  00000+0  28723-3 0  9991
2 53201  97.6591  16.6356 0000366  64.6265 295.4997 15.01255286127034
STARLINK-4411           
1 53202U 22084P   24318.13252061  .00004253  00000+0  33553-3 0  9991
2 53202  97.6579  16.8310 0000183 163.3298 196.7933 15.01257464127441
STARLINK-4409           
1 53203U 22084Q   24317.72889048  .00002876  00000+0  22846-3 0  9999
2 53203  97.6577  16.4258 0000279 234.6060 125.5138 15.01253662127007
STARLINK-4410           
1 53204U 22084R   24318.13275868  .00002437  00000+0  19426-3 0  9998
2 53204  97.6565  16.8250 0000805 124.8036 235.3264 15.01253409127446
STARLINK-4397           
1 53205U 22084S   24318.12511252  .00007452  00000+0  58405-3 0  9990
2 53205  97.6604  16.8202 0001311  87.2119 272.9256 15.01269716127441
STARLINK-4408           
1 53206U 22084T   24317.91403938  .00004560  00000+0  35930-3 0  9993
2 53206  97.6585  16.6565 0001731  87.7061 272.4362 15.01265433127037
STARLINK-4413           
1 53207U 22084U   24317.92329720  .00003147  00000+0  24947-3 0  9997
2 53207  97.6597  16.6249 0001034  92.1161 268.0181 15.01260821127033
STARLINK-4425           
1 53208U 22084V   24318.13065853  .00004778  00000+0  37628-3 0  9997
2 53208  97.6585  16.8211 0000288 218.7717 141.3486 15.01263591127448
STARLINK-4423           
1 53209U 22084W   24317.92169328  .00005008  00000+0  39421-3 0  9996
2 53209  97.6595  16.6242 0001147  93.5340 266.6016 15.01259846127031
STARLINK-4427           
1 53210U 22084X   24318.12695602  .00007086  00000+0  55549-3 0  9997
2 53210  97.6598  16.8204 0000428 102.0999 258.0273 15.01274255127449
STARLINK-4419           
1 53211U 22084Y   24318.11609403  .00005348  00000+0  42055-3 0  9998
2 53211  97.6590  16.8244 0001700  81.6895 278.4522 15.01268411127447
STARLINK-4416           
1 53212U 22084Z   24318.12140355  .00000590  00000+0  50497-4 0  9990
2 53212  97.6594  16.8218 0001801  93.3974 266.7456 15.01255294127444
STARLINK-4414           
1 53213U 22084AA  24318.17879951  .00005720  00000+0  44944-3 0  9996
2 53213  97.6579  16.8833 0001790  88.2160 271.9269 15.01269449127456
STARLINK-4353           
1 53214U 22084AB  24317.91959852  .00005104  00000+0  40172-3 0  9992
2 53214  97.6585  16.6249 0002036  95.6188 264.5268 15.01256682127035
STARLINK-4335           
1 53215U 22084AC  24318.17694849  .00006160  00000+0  48358-3 0  9991
2 53215  97.6575  16.8816 0001879  91.5082 268.6357 15.01271783127458
STARLINK-4376           
1 53216U 22084AD  24318.11584969  .00006973  00000+0  54674-3 0  9997
2 53216  97.6587  16.8205 0001707  89.2926 270.8493 15.01273192127446
STARLINK-4379           
1 53217U 22084AE  24317.89923087  .00001672  00000+0  13476-3 0  9996
2 53217  97.6550  16.6167 0002914  91.2313 268.9245 15.01254479127031
STARLINK-4384           
1 53218U 22084AF  24318.16793417  .00005471  00000+0  43009-3 0  9996
2 53218  97.6569  16.8929 0002068  92.4448 267.7013 15.01269601127080
STARLINK-4373           
1 53219U 22084AG  24317.90295518  .00010222  00000+0  79918-3 0  9995
2 53219  97.6551  16.6060 0002349  90.6647 269.4847 15.01265057127039
STARLINK-4363           
1 53220U 22084AH  24318.17509651  .00004210  00000+0  33219-3 0  9997
2 53220  97.6563  16.8805 0001837 100.6147 259.5284 15.01261465127080
STARLINK-4377           
1 53221U 22084AJ  24317.90108445  .00004976  00000+0  39167-3 0  9991
2 53221  97.6559  16.6013 0002309  90.9922 269.1567 15.01266002127030
STARLINK-4381           
1 53222U 22084AK  24318.17324656  .00006595  00000+0  51738-3 0  9993
2 53222  97.6565  16.8761 0002077  91.0073 269.1389 15.01272643127457
STARLINK-4354           
1 53223U 22084AL  24318.17349089  .00000800  00000+0  66911-4 0  9994
2 53223  97.6558  16.8619 0002882  81.7422 278.4129 15.01258285127079
STARLINK-4356           
1 53224U 22084AM  24318.17139571  .00006995  00000+0  54843-3 0  9999
2 53224  97.6559  16.8721 0002157  91.4439 268.7032 15.01272906127088
STARLINK-4358           
1 53225U 22084AN  24318.16213968  .00009199  00000+0  71937-3 0  9994
2 53225  97.6573  16.8545 0001872  96.9062 263.2375 15.01284609127076
STARLINK-4359           
1 53226U 22084AP  24318.16028385  .00003927  00000+0  31009-3 0  9991
2 53226  97.6573  16.8652 0001560  92.4608 267.6794 15.01266725127080
STARLINK-4366           
1 53227U 22084AQ  24317.88441517  .00002045  00000+0  16374-3 0  9994
2 53227  97.6582  16.5959 0001195 141.3607 218.7703 15.01264979127036
STARLINK-4365           
1 53228U 22084AR  24317.89738283  .00004180  00000+0  32993-3 0  9992
2 53228  97.6562  16.5938 0001609  94.4214 265.7194 15.01253297127031
STARLINK-4367           
1 53229U 22084AS  24318.15844048  .00004353  00000+0  34327-3 0  9995
2 53229  97.6568  16.8495 0002114  92.6256 267.5210 15.01265641127076
STARLINK-4364           
1 53230U 22084AT  24317.89577506  .00004418  00000+0  34834-3 0  9994
2 53230  97.6569  16.5877 0001542  99.8252 260.3147 15.01258411127032
STARLINK-4370           
1 53231U 22084AU  24317.88812585  .00008361  00000+0  65456-3 0  9998
2 53231  97.6568  16.5827 0001658  93.3173 266.8241 15.01270941127034
STARLINK-4371           
1 53232U 22084AV  24318.15657371  .00000806  00000+0  67296-4 0  9991
2 53232  97.6578  16.8479 0001546  82.2144 277.9255 15.01264421127071
STARLINK-4372           
1 53233U 22084AW  24317.88466171  .00004577  00000+0  36075-3 0  9996
2 53233  97.6581  16.5823 0000885 107.9076 252.2244 15.01258991127035
STARLINK-4368           
1 53234U 22084AX  24317.88627257  .00004314  00000+0  34031-3 0  9990
2 53234  97.6569  16.5769 0001076 102.5781 257.5564 15.01256717128047
STARLINK-4415           
1 53465U 22099A   24317.89768438  .00005581  00000+0  43888-3 0  9997
2 53465  97.6585  76.6002 0001821 268.9838  91.1178 15.01247199123947
STARLINK-4398           
1 53466U 22099B   24317.89792773  .00004420  00000+0  34848-3 0  9994
2 53466  97.6560  76.5969 0002183 244.3892 115.7106 15.01261780123690
STARLINK-4394           
1 53467U 22099C   24317.89397619  .00007202  00000+0  56464-3 0  9994
2 53467  97.6579  76.6569 0001456 253.6075 106.4990 15.01267325123695
STARLINK-4400           
1 53468U 22099D   24317.89422318  .00003331  00000+0  26378-3 0  9990
2 53468  97.6585  76.6004 0001222 266.3959  93.7125 15.01259415123699
STARLINK-4399           
1 53469U 22099E   24317.89027833  .00005556  00000+0  43700-3 0  9993
2 53469  97.6580  76.6047 0001197 284.4830  75.6261 15.01245205123694
STARLINK-4393           
1 53470U 22099F   24318.09208539  .00000365  00000+0  33041-4 0  9993
2 53470  97.6579  76.7996 0000249 251.8104 108.3093 15.01244376123962
STARLINK-4316           
1 53471U 22099G   24318.08653444  .00005679  00000+0  44635-3 0  9995
2 53471  97.6573  76.8011 0000306  70.1341 289.9916 15.01264036123960
STARLINK-4447           
1 53472U 22099H   24317.88843494  .00008095  00000+0  63385-3 0  9997
2 53472  97.6565  76.6046 0000919  87.8819 272.2511 15.01274138123693
STARLINK-4383           
1 53473U 22099J   24317.88288021  .00001446  00000+0  11713-3 0  9998
2 53473  97.6566  76.6022 0001520  92.6539 267.4859 15.01269615123696
STARLINK-4445           
1 53474U 22099K   24318.07567400  .00010913  00000+0  85255-3 0  9993
2 53474  97.6543  76.7916 0001939  97.5902 262.5543 15.01276665123966
STARLINK-4389           
1 53475U 22099L   24317.88102991  .00005067  00000+0  39883-3 0  9992
2 53475  97.6565  76.5996 0001677  98.3329 261.8086 15.01260917124393
STARLINK-4378           
1 53476U 22099M   24317.88472987  .00004024  00000+0  31765-3 0  9991
2 53476  97.6565  76.6026 0001121  89.9603 270.1750 15.01265538123691
STARLINK-4412           
1 53477U 22099N   24318.08307947  .00004437  00000+0  34983-3 0  9991
2 53477  97.6572  76.7858 0001207  95.7879 264.3483 15.01256977123964
STARLINK-4433           
1 53478U 22099P   24317.87732296  .00007412  00000+0  58091-3 0  9999
2 53478  97.6544  76.6101 0000750  94.2038 265.9272 15.01269010123692
STARLINK-4436           
1 53479U 22099Q   24317.87547255  .00008018  00000+0  62808-3 0  9993
2 53479  97.6541  76.5952 0001547  99.7911 260.3488 15.01263940123692
STARLINK-4442           
1 53480U 22099R   24317.87917512  .00008905  00000+0  69682-3 0  9994
2 53480  97.6564  76.5979 0001439 102.7279 257.4106 15.01270438123694
STARLINK-4302           
1 53481U 22099S   24318.07357648  .00010837  00000+0  84664-3 0  9990
2 53481  97.6541  76.7896 0001770 100.9564 259.1859 15.01277031123965
STARLINK-4360           
1 53482U 22099T   24318.06246639  .00009228  00000+0  72182-3 0  9991
2 53482  97.6547  76.8008 0001718  96.7835 263.3585 15.01275454123963
STARLINK-4401           
1 53483U 22099U   24318.06061654  .00008932  00000+0  69886-3 0  9992
2 53483  97.6538  76.7902 0001580 102.6211 257.5190 15.01273693123968
STARLINK-4426           
1 53484U 22099V   24317.87178314  .00016876  00000+0  13148-2 0  9998
2 53484  97.6547  76.5898 0002054  90.6399 269.5060 15.01274270123692
STARLINK-4430           
1 53485U 22099W   24317.93286762  .00008289  00000+0  64895-3 0  9998
2 53485  97.6538  76.6494 0001773  94.9091 265.2335 15.01273154123709
STARLINK-4431           
1 53486U 22099X   24318.06987433  .00009849  00000+0  77001-3 0  9993
2 53486  97.6543  76.7855 0001812  98.9279 261.2151 15.01276232123964
STARLINK-4432           
1 53487U 22099Y   24318.07012199  .00007607  00000+0  59597-3 0  9993
2 53487  97.6545  76.7676 0001900  94.1489 265.9952 15.01271903123967
STARLINK-4421           
1 53488U 22099Z   24318.06802496  .00009922  00000+0  77551-3 0  9992
2 53488  97.6541  76.7827 0001971  99.9050 260.2397 15.01283364123962
STARLINK-4392           
1 53489U 22099AA  24317.93496740  .00005565  00000+0  43751-3 0  9993
2 53489  97.6551  76.6335 0001718  93.2780 266.8641 15.01263089123701
STARLINK-4387           
1 53490U 22099AB  24317.93101953  .00006039  00000+0  47427-3 0  9995
2 53490  97.6542  76.6475 0001784  93.5745 266.5684 15.01266663123700
STARLINK-4450           
1 53491U 22099AC  24317.92015203  .00009996  00000+0  78153-3 0  9992
2 53491  97.6531  76.6387 0001127  99.1239 261.0112 15.01270866123708
STARLINK-4451           
1 53492U 22099AD  24317.85880810  .00000810  00000+0  67615-4 0  9997
2 53492  97.6531  76.5788 0000923  99.0524 261.0805 15.01274171123692
STARLINK-4361           
1 53493U 22099AE  24318.05691463  .00011599  00000+0  90573-3 0  9999
2 53493  97.6537  76.7592 0001469  99.0384 261.1007 15.01276959123965
STARLINK-4340           
1 53494U 22099AF  24317.92755883  .00008733  00000+0  68343-3 0  9998
2 53494  97.6539  76.6362 0001570  96.8266 263.3136 15.01273241123709
STARLINK-4429           
1 53495U 22099AG  24317.91805643  .00007404  00000+0  58034-3 0  9998
2 53495  97.6532  76.6268 0001112 100.1561 259.9788 15.01268029123956
STARLINK-4465           
1 53496U 22099AH  24317.92175691  .00006124  00000+0  48084-3 0  9995
2 53496  97.6538  76.6331 0001308 104.6383 255.4986 15.01271600123705
STARLINK-4453           
1 53497U 22099AJ  24317.91435120  .00005539  00000+0  43549-3 0  9991
2 53497  97.6547  76.6207 0000902 260.0232 100.0891 15.01259373123700
STARLINK-4439           
1 53498U 22099AK  24317.91459583  .00009246  00000+0  72331-3 0  9991
2 53498  97.6542  76.6328 0000657 125.3976 234.7310 15.01271405123706
STARLINK-4454           
1 53499U 22099AL  24318.05321241  .00009117  00000+0  71322-3 0  9993
2 53499  97.6530  76.7449 0001015 101.1604 258.9734 15.01272270123965
STARLINK-4455           
1 53500U 22099AM  24318.04950624  .00007830  00000+0  61337-3 0  9993
2 53500  97.6538  76.7548 0000432  75.4386 284.6886 15.01271905123977
STARLINK-4434           
1 53501U 22099AN  24317.90694092  .00005760  00000+0  45265-3 0  9994
2 53501  97.6568  76.6114 0003274 251.9435 108.1432 15.01259159123707
STARLINK-4435           
1 53502U 22099AP  24317.91249627  .00002842  00000+0  22578-3 0  9996
2 53502  97.6551  76.6173 0001148 251.0461 109.0638 15.01260155123709
STARLINK-4461           
1 53503U 22099AQ  24317.91274534  .00004905  00000+0  38617-3 0  9995
2 53503  97.6550  76.6045 0000669 221.1565 138.9608 15.01265600123705
STARLINK-4448           
1 53504U 22099AR  24317.91064465  .00006286  00000+0  49345-3 0  9990
2 53504  97.6559  76.6123 0002345 246.8502 113.2475 15.01265354123704
STARLINK-4446           
1 53505U 22099AS  24317.90322948  .00003107  00000+0  24634-3 0  9996
2 53505  97.6565  76.6033 0004834 251.5593 108.5106 15.01259464123703
STARLINK-4437           
1 53506U 22099AT  24317.90879225  .00009724  00000+0  76034-3 0  9994
2 53506  97.6558  76.6014 0002528 251.6547 108.4402 15.01270982123709
STARLINK-4444           
1 53507U 22099AU  24317.90138385  .00004567  00000+0  35986-3 0  9991
2 53507  97.6575  76.6003 0003167 258.2961 101.7908 15.01262745123705
STARLINK-4443           
1 53508U 22099AV  24317.90508502  .00002718  00000+0  21617-3 0  9996
2 53508  97.6580  76.6046 0003905 250.1319 109.9484 15.01256514123703
STARLINK-4402           
1 53509U 22099AW  24317.89953889  .00010549  00000+0  82530-3 0  9999
2 53509  97.6566  76.5972 0002845 259.4190 100.6714 15.01228075123701
STARLINK-4441           
1 53510U 22099AX  24317.89583235 -.00001549  00000+0 -11604-3 0  9991
2 53510  97.6610  76.6108 0003005 149.2169 210.9232 15.01249684123705
STARLINK-4622           
1 53648U 22105A   24318.14824360  .00002966  00000+0  23541-3 0  9992
2 53648  97.6586 196.8634 0002967  82.8028 277.3534 15.01264002121284
STARLINK-4386           
1 53649U 22105B   24317.94646464  .00013422  00000+0  10475-2 0  9997
2 53649  97.6541 196.6625 0003356  82.8404 277.3201 15.01258811120950
STARLINK-4380           
1 53650U 22105C   24318.14454166  .00002738  00000+0  21768-3 0  9994
2 53650  97.6553 196.8592 0002385  82.4302 277.7194 15.01265634121265
STARLINK-4388           
1 53651U 22105D   24318.14268447 -.00005558  00000+0 -42817-3 0  9993
2 53651  97.6557 196.8573 0003864  82.3771 277.7892 15.01278253121267
STARLINK-4374           
1 53652U 22105E   24317.94088792  .00004346  00000+0  34259-3 0  9997
2 53652  97.6543 196.6578 0004439  84.0327 276.1403 15.01269795120958
STARLINK-4390           
1 53653U 22105F   24318.15933421 -.00025777  00000+0 -20033-2 0  9997
2 53653  97.6586 196.8154 0001231  76.4413 283.6948 15.01380851121265
STARLINK-4420           
1 53654U 22105G   24317.93533431  .00000170  00000+0  17839-4 0  9990
2 53654  97.6502 196.6453 0004881  82.5386 277.6393 15.01263387120951
STARLINK-4470           
1 53655U 22105H   24317.93903790  .00005147  00000+0  40492-3 0  9999
2 53655  97.6528 196.6548 0004347  82.3201 277.8517 15.01260967120957
STARLINK-4466           
1 53656U 22105J   24317.92977573  .00000141  00000+0  15573-4 0  9991
2 53656  97.6546 196.6386 0003707  79.8148 280.3494 15.01264627120958
STARLINK-4469           
1 53657U 22105K   24318.13713926  .00000930  00000+0  76991-4 0  9993
2 53657  97.6529 196.8463 0005463  74.1610 286.0216 15.01267476121266
STARLINK-4452           
1 53658U 22105L   24317.93163036  .00001637  00000+0  13199-3 0  9997
2 53658  97.6553 196.6369 0004368  71.7032 288.4667 15.01260082120958
STARLINK-4463           
1 53659U 22105M   24317.93372516 -.00006521  00000+0 -50315-3 0  9993
2 53659  97.6526 196.6423 0004771  72.3027 287.8718 15.01280713120952
STARLINK-4473           
1 53660U 22105N   24317.65946486  .00001743  00000+0  14028-3 0  9997
2 53660  97.6556 196.3661 0001760  95.3100 264.8325 15.01260817120918
STARLINK-4472           
1 53661U 22105P   24318.12812538  .00001428  00000+0  11577-3 0  9997
2 53661  97.6544 196.8322 0003392  82.5947 277.5662 15.01260844121269
STARLINK-4357           
1 53662U 22105Q   24317.92261325  .00002823  00000+0  22423-3 0  9999
2 53662  97.6553 196.6242 0002202  90.8171 269.3306 15.01264883120955
STARLINK-4457           
1 53663U 22105R   24317.92792790 -.00000223  00000+0 -12728-4 0  9997
2 53663  97.6553 196.6308 0002867  87.9933 272.1620 15.01255553120954
STARLINK-4471           
1 53664U 22105S   24318.11886978  .00000325  00000+0  29885-4 0  9995
2 53664  97.6549 196.8218 0001464 116.4151 243.7223 15.01278791121261
STARLINK-4334           
1 53665U 22105T   24318.12047841  .00012190  00000+0  95197-3 0  9996
2 53665  97.6548 196.8290 0001748 116.4919 243.6485 15.01262887121266
STARLINK-4449           
1 53666U 22105U   24317.91494830  .00003265  00000+0  25866-3 0  9996
2 53666  97.6544 196.6235 0001357  83.4625 276.6754 15.01263971120958
STARLINK-4406           
1 53667U 22105V   24318.12417087 -.00002829  00000+0 -21565-3 0  9999
2 53667  97.6545 196.8239 0002696  88.2382 271.9151 15.01277370121268
STARLINK-4458           
1 53668U 22105W   24317.91681476  .00000750  00000+0  62959-4 0  9993
2 53668  97.6550 196.5915 0001369  89.3029 270.8352 15.01264872120958
STARLINK-4464           
1 53669U 22105X   24317.92237132  .00009948  00000+0  77792-3 0  9999
2 53669  97.6551 196.6163 0002766  88.4888 271.6653 15.01263260120954
STARLINK-4459           
1 53670U 22105Y   24318.11308006  .00003772  00000+0  29808-3 0  9996
2 53670  97.6540 196.8115 0001285  84.0158 276.1213 15.01263183121261
STARLINK-4440           
1 53671U 22105Z   24318.11332942  .00001061  00000+0  87172-4 0  9991
2 53671  97.6543 196.8154 0001736  86.5743 273.5679 15.01252702121268
STARLINK-4428           
1 53672U 22105AA  24317.63355094  .00002912  00000+0  23122-3 0  9991
2 53672  97.6565 196.3610 0001611  74.5560 285.5842 15.01263926120917
STARLINK-4456           
1 53673U 22105AB  24317.93743301  .00009526  00000+0  74501-3 0  9992
2 53673  97.6524 196.6504 0005016  85.8466 274.3332 15.01262766120956
STARLINK-4620           
1 53674U 22105AC  24318.10750383 -.00003612  00000+0 -27677-3 0  9995
2 53674  97.6541 196.8070 0001448  75.3214 284.8171 15.01255986121264
STARLINK-4617           
1 53675U 22105AD  24318.16860858  .00003071  00000+0  24349-3 0  9991
2 53675  97.6557 196.8865 0001829  85.0230 275.1203 15.01274799121276
STARLINK-4621           
1 53676U 22105AE  24317.90385636  .00002227  00000+0  17794-3 0  9997
2 53676  97.6550 196.6043 0001447  89.1298 271.0092 15.01258120120956
STARLINK-4579           
1 53677U 22105AF  24318.10935353 -.00004702  00000+0 -36167-3 0  9995
2 53677  97.6550 196.8075 0001736  91.8888 268.2535 15.01266873121269
STARLINK-4418           
1 53678U 22105AG  24318.10962015 -.00004487  00000+0 -34507-3 0  9997
2 53678  97.6558 196.7893 0001578  94.3881 265.7523 15.01244931121260
STARLINK-4632           
1 53679U 22105AH  24318.10566187 -.00000072  00000+0 -99850-6 0  9999
2 53679  97.6553 196.8025 0001672  86.0347 274.1069 15.01261107121267
STARLINK-4630           
1 53680U 22105AJ  24318.16491046  .00001835  00000+0  14741-3 0  9997
2 53680  97.6549 196.8645 0002075  81.5299 278.6160 15.01261584121277
STARLINK-4424           
1 53681U 22105AK  24318.16305876  .00004662  00000+0  36718-3 0  9992
2 53681  97.6561 196.8795 0002376  64.8333 295.3137 15.01276012121277
STARLINK-4438           
1 53682U 22105AL  24317.95384225  .00000877  00000+0  72850-4 0  9996
2 53682  97.6573 196.6837 0001979  80.9379 279.2069 15.01273645120962
STARLINK-4625           
1 53683U 22105AM  24317.90224874 -.00000156  00000+0 -75824-5 0  9992
2 53683  97.6549 196.5976 0001802  92.8893 267.2537 15.01260989120950
STARLINK-4624           
1 53684U 22105AN  24318.11863278  .00002764  00000+0  21971-3 0  9991
2 53684  97.6540 196.8828 0002082  91.2992 268.8471 15.01257638121261
STARLINK-4626           
1 53685U 22105AP  24318.16143468 -.00001329  00000+0 -98927-4 0  9993
2 53685  97.6558 196.8659 0002057  95.2070 264.9389 15.01259375121272
STARLINK-4467           
1 53686U 22105AQ  24317.93346398 -.00008864  00000+0 -68560-3 0  9995
2 53686  97.6481 196.6996 0004262  79.2440 280.9264 15.01298026120964
STARLINK-4569           
1 53687U 22105AR  24317.56133627  .00000073  00000+0  10254-4 0  9994
2 53687  97.6573 196.2703 0001563  82.9329 277.2073 15.01256258121180
STARLINK-4571           
1 53688U 22105AS  24317.95569636  .00002192  00000+0  17521-3 0  9998
2 53688  97.6589 196.6668 0001889  83.9937 276.1502 15.01260609120964
STARLINK-4562           
1 53689U 22105AT  24317.94297613  .00002688  00000+0  21370-3 0  9998
2 53689  97.6520 196.6931 0005757  85.3750 274.8132 15.01271822120963
STARLINK-4570           
1 53690U 22105AU  24318.11121355 -.00004738  00000+0 -36458-3 0  9992
2 53690  97.6542 196.7543 0001347  88.8879 271.2500 15.01255531121263
STARLINK-4560           
1 53691U 22105AV  24318.15749194 -.00011007  00000+0 -85247-3 0  9991
2 53691  97.6586 196.8523 0001717  79.8519 280.2899 15.01314477121270
STARLINK-4572           
1 53692U 22105AW  24318.15194430  .00002228  00000+0  17796-3 0  9996
2 53692  97.6584 196.8635 0002027  82.1163 278.0291 15.01265010121279
STARLINK-4566           
1 53693U 22105AX  24317.95014356  .00006673  00000+0  52357-3 0  9992
2 53693  97.6573 196.6659 0002160  91.3053 268.8419 15.01262686120960
STARLINK-6038           
1 56317U 23058A   24317.98037824 -.00004425  00000+0 -33996-3 0  9997
2 56317  97.6538 316.6039 0000407 121.0090 239.1175 15.01278334 85368
STARLINK-5954           
1 56318U 23058B   24317.91003007  .00001372  00000+0  11139-3 0  9998
2 56318  97.6543 316.5409 0000534 140.9256 219.2007 15.01257711 85493
STARLINK-6039           
1 56319U 23058C   24317.90817568  .00004224  00000+0  33352-3 0  9993
2 56319  97.6541 316.5429 0001039 159.2461 200.8806 15.01232350 85491
STARLINK-5988           
1 56320U 23058D   24317.91397939  .00000958  00000+0  79138-4 0  9994
2 56320  97.6534 316.5383 0000467 124.8141 235.3127 15.01254314 85506
STARLINK-5876           
1 56321U 23058E   24317.96927401  .00051360  00000+0  39698-2 0  9991
2 56321  97.6532 316.6190 0002507 143.0919 217.0478 15.01301689 85341
STARLINK-6033           
1 56322U 23058F   24318.04520910  .00007466  00000+0  58548-3 0  9990
2 56322  97.6546 316.6711 0001785 169.8435 190.2825 15.01246654 85373
STARLINK-6035           
1 56323U 23058G   24317.90448940  .00002771  00000+0  22027-3 0  9994
2 56323  97.6549 316.5478 0002636 164.7204 195.4100 15.01255573 85485
STARLINK-6034           
1 56324U 23058H   24317.90632457  .00000657  00000+0  55714-4 0  9994
2 56324  97.6542 316.5441 0001471 178.7831 181.3397 15.01255751 85497
STARLINK-5981           
1 56325U 23058J   24317.89706833  .00001563  00000+0  12623-3 0  9991
2 56325  97.6570 316.5606 0001151  92.7281 267.4075 15.01256851 85841
STARLINK-5980           
1 56326U 23058K   24317.90656981  .00000742  00000+0  62339-4 0  9990
2 56326  97.6545 316.5443 0001622 187.6513 172.4687 15.01254236 85498
STARLINK-5997           
1 56327U 23058L   24317.95840651  .00000691  00000+0  58428-4 0  9992
2 56327  97.6586 316.6411 0001685  90.1719 269.9698 15.01249385 85858
STARLINK-5992           
1 56328U 23058M   24317.96557169  .00001025  00000+0  84361-4 0  9990
2 56328  97.6563 316.6228 0001505  91.5873 268.5524 15.01257741 85361
STARLINK-5984           
1 56329U 23058N   24317.96187031  .00002873  00000+0  22821-3 0  9992
2 56329  97.6578 316.6305 0001963  85.8866 274.2582 15.01259471 85854
STARLINK-5967           
1 56330U 23058P   24317.89916530  .00000626  00000+0  53364-4 0  9991
2 56330  97.6564 316.5562 0001363 111.5707 248.5662 15.01258954 85847
STARLINK-5991           
1 56331U 23058Q   24317.95631929  .00003968  00000+0  31333-3 0  9998
2 56331  97.6574 316.6475 0001715  82.9086 277.2333 15.01260781 85851
STARLINK-5093           
1 56332U 23058R   24317.90077229  .00001312  00000+0  10675-3 0  9998
2 56332  97.6552 316.5534 0001527 115.4526 244.6857 15.01255667 85840
STARLINK-5553           
1 56333U 23058S   24317.95445398 -.00001206  00000+0 -89287-4 0  9990
2 56333  97.6570 316.6517 0001912  91.9990 268.1454 15.01269143 85853
STARLINK-5548           
1 56334U 23058T   24317.95816536  .00003708  00000+0  29305-3 0  9998
2 56334  97.6581 316.6426 0001861  87.8278 272.3159 15.01265392 85368
STARLINK-5559           
1 56335U 23058U   24317.94915125  .00002046  00000+0  16384-3 0  9999
2 56335  97.6556 316.6619 0002366  89.7729 270.3767 15.01258871 85859
STARLINK-5562           
1 56336U 23058V   24317.96001807  .00002164  00000+0  17305-3 0  9990
2 56336  97.6585 316.6365 0001692  88.9665 271.1753 15.01258768 85850
STARLINK-5561           
1 56337U 23058W   24317.95100351  .00001776  00000+0  14285-3 0  9996
2 56337  97.6563 316.6586 0001972  90.2742 269.8708 15.01257308 85858
STARLINK-5554           
1 56338U 23058X   24317.95261248  .00002236  00000+0  17865-3 0  9999
2 56338  97.6567 316.6552 0002677  75.5498 284.6023 15.01257698 85850
STARLINK-5552           
1 56339U 23058Y   24317.94520588  .00000861  00000+0  71649-4 0  9997
2 56339  97.6558 316.6675 0003218  85.4482 274.7110 15.01259997 85853
STARLINK-5540           
1 56340U 23058Z   24318.01741125  .00002277  00000+0  18182-3 0  9995
2 56340  97.6563 316.7248 0002043  89.1265 271.0193 15.01259405 85375
STARLINK-5543           
1 56341U 23058AA  24318.01552222  .00007257  00000+0  56841-3 0  9991
2 56341  97.6556 316.7281 0002648  88.7298 271.4229 15.01300108 85378
STARLINK-5955           
1 56342U 23058AB  24318.01367723  .00004379  00000+0  34497-3 0  9997
2 56342  97.6555 316.7303 0003083  87.2898 272.8679 15.01295836 85372
STARLINK-5976           
1 56343U 23058AC  24317.93965536  .00000009  00000+0  52708-5 0  9997
2 56343  97.6552 316.6744 0004245  78.1276 282.0424 15.01250468 85854
STARLINK-5974           
1 56344U 23058AD  24318.01000677  .00001557  00000+0  12578-3 0  9992
2 56344  97.6554 316.7360 0003102  85.6774 274.4805 15.01257813 85375
STARLINK-5979           
1 56345U 23058AE  24318.00446498  .00001797  00000+0  14444-3 0  9997
2 56345  97.6547 316.7416 0004322  68.4908 291.6776 15.01257950 85373
STARLINK-5837           
1 56346U 23058AF  24318.00817783 -.00000410  00000+0 -27280-4 0  9993
2 56346  97.6543 316.7376 0004908  73.9472 286.2292 15.01247872 85377
STARLINK-5829           
1 56347U 23058AG  24318.00260122  .00002381  00000+0  18989-3 0  9995
2 56347  97.6540 316.7432 0004980  69.5277 290.6482 15.01261390 85373
STARLINK-5888           
1 56348U 23058AH  24317.94359950  .00001611  00000+0  13000-3 0  9990
2 56348  97.6552 316.6701 0003294  83.9149 276.2450 15.01257128 85852
STARLINK-5887           
1 56349U 23058AJ  24317.99706033 -.00002724  00000+0 -20768-3 0  9991
2 56349  97.6525 316.7436 0002206  54.6211 305.5219 15.01238196 85376
STARLINK-5886           
1 56350U 23058AK  24317.93224134  .00002273  00000+0  18155-3 0  9998
2 56350  97.6529 316.6800 0003289  78.7087 281.4506 15.01253685 85850
STARLINK-5891           
1 56351U 23058AL  24317.99519577 -.00000064  00000+0 -42369-6 0  9998
2 56351  97.6527 316.7469 0002111  78.3203 281.8258 15.01261297 85373
STARLINK-5885           
1 56352U 23058AM  24317.93409521  .00001024  00000+0  84323-4 0  9999
2 56352  97.6537 316.6794 0003381  67.2727 292.8855 15.01256274 85850
STARLINK-5874           
1 56353U 23058AN  24318.04887913  .00002678  00000+0  21304-3 0  9993
2 56353  97.6538 316.8250 0001799  85.2880 274.8549 15.01247817 85383
STARLINK-5877           
1 56354U 23058AP  24318.00285819  .00003070  00000+0  24354-3 0  9992
2 56354  97.6539 316.7431 0004844  58.9372 301.2327 15.01243002 85372
STARLINK-5533           
1 56355U 23058AQ  24317.92298205  .00002126  00000+0  17006-3 0  9993
2 56355  97.6535 316.6862 0001698  95.8416 264.3002 15.01258309 85857
STARLINK-5535           
1 56356U 23058AR  24317.92483536  .00001609  00000+0  12985-3 0  9993
2 56356  97.6535 316.6839 0002082  90.7577 269.3886 15.01254857 85851
STARLINK-5538           
1 56357U 23058AS  24317.92322627  .00001588  00000+0  12823-3 0  9994
2 56357  97.6537 316.6864 0001711  93.9982 266.1438 15.01258037 85857
STARLINK-5482           
1 56358U 23058AT  24317.99333722  .00001677  00000+0  13512-3 0  9995
2 56358  97.6529 316.7479 0002459  63.7185 296.4292 15.01258743 85377
STARLINK-5551           
1 56359U 23058AU  24317.92137313  .00000740  00000+0  62184-4 0  9997
2 56359  97.6535 316.6882 0001709  94.0614 266.0806 15.01255665 85850
STARLINK-5549           
1 56360U 23058AV  24317.98777815 -.00003138  00000+0 -23979-3 0  9996
2 56360  97.6523 316.7525 0001763  61.6524 298.4878 15.01268143 85374
STARLINK-5550           
1 56361U 23058AW  24317.91927913  .00002031  00000+0  16265-3 0  9995
2 56361  97.6536 316.6905 0001517  91.5971 268.5427 15.01255352 85854
STARLINK-5972           
1 56362U 23058AX  24317.91742598  .00001666  00000+0  13431-3 0  9995
2 56362  97.6537 316.6918 0001344  91.9825 268.1553 15.01254984 85856