2024-11-13 14:33:31
STARLINK-3004           
1 48880U 21059B   24317.92560352  .00007880  00000+0  61734-3 0  9990
2 48880  97.6588  80.1381 0000922  77.9567 282.1760 15.01266923186521
STARLINK-3005           
1 48881U 21059C   24317.91892715  .00007406  00000+0  58045-3 0  9996
2 48881  97.6595  80.0760 0001991 247.4710 112.6304 15.01268818186527
STARLINK-4415           
1 53465U 22099A   24317.89768438  .00005581  00000+0  43888-3 0  9997
2 53465  97.6585  76.6002 0001821 268.9838  91.1178 15.01247199123947
STARLINK-4398           
1 53466U 22099B   24317.89792773  .00004420  00000+0  34848-3 0  9994
2 53466  97.6560  76.5969 0002183 244.3892 115.7106 15.01261780123690
STARLINK-4394           
1 53467U 22099C   24317.89397619  .00007202  00000+0  56464-3 0  9994
2 53467  97.6579  76.6569 0001456 253.6075 106.4990 15.01267325123695
STARLINK-4400           
1 53468U 22099D   24317.89422318  .00003331  00000+0  26378-3 0  9990
2 53468  97.6585  76.6004 0001222 266.3959  93.7125 15.01259415123699
STARLINK-4399           
1 53469U 22099E   24317.89027833  .00005556  00000+0  43700-3 0  9993
2 53469  97.6580  76.6047 0001197 284.4830  75.6261 15.01245205123694
STARLINK-4393           
1 53470U 22099F   24318.09208539  .00000365  00000+0  33041-4 0  9993
2 53470  97.6579  76.7996 0000249 251.8104 108.3093 15.01244376123962
STARLINK-4316           
1 53471U 22099G   24318.08653444  .00005679  00000+0  44635-3 0  9995
2 53471  97.6573  76.8011 0000306  70.1341 289.9916 15.01264036123960
STARLINK-4447           
1 53472U 22099H   24317.88843494  .00008095  00000+0  63385-3 0  9997
2 53472  97.6565  76.6046 0000919  87.8819 272.2511 15.01274138123693
STARLINK-4383           
1 53473U 22099J   24317.88288021  .00001446  00000+0  11713-3 0  9998
2 53473  97.6566  76.6022 0001520  92.6539 267.4859 15.01269615123696
STARLINK-4445           
1 53474U 22099K   24318.07567400  .00010913  00000+0  85255-3 0  9993
2 53474  97.6543  76.7916 0001939  97.5902 262.5543 15.01276665123966
STARLINK-4389           
1 53475U 22099L   24317.88102991  .00005067  00000+0  39883-3 0  9992
2 53475  97.6565  76.5996 0001677  98.3329 261.8086 15.01260917124393
STARLINK-4378           
1 53476U 22099M   24317.88472987  .00004024  00000+0  31765-3 0  9991
2 53476  97.6565  76.6026 0001121  89.9603 270.1750 15.01265538123691
STARLINK-4412           
1 53477U 22099N   24318.08307947  .00004437  00000+0  34983-3 0  9991
2 53477  97.6572  76.7858 0001207  95.7879 264.3483 15.01256977123964
STARLINK-4433           
1 53478U 22099P   24317.87732296  .00007412  00000+0  58091-3 0  9999
2 53478  97.6544  76.6101 0000750  94.2038 265.9272 15.01269010123692
STARLINK-4436           
1 53479U 22099Q   24317.87547255  .00008018  00000+0  62808-3 0  9993
2 53479  97.6541  76.5952 0001547  99.7911 260.3488 15.01263940123692
STARLINK-4442           
1 53480U 22099R   24317.87917512  .00008905  00000+0  69682-3 0  9994
2 53480  97.6564  76.5979 0001439 102.7279 257.4106 15.01270438123694
STARLINK-4302           
1 53481U 22099S   24318.07357648  .00010837  00000+0  84664-3 0  9990
2 53481  97.6541  76.7896 0001770 100.9564 259.1859 15.01277031123965
STARLINK-4360           
1 53482U 22099T   24318.06246639  .00009228  00000+0  72182-3 0  9991
2 53482  97.6547  76.8008 0001718  96.7835 263.3585 15.01275454123963
STARLINK-4401           
1 53483U 22099U   24318.06061654  .00008932  00000+0  69886-3 0  9992
2 53483  97.6538  76.7902 0001580 102.6211 257.5190 15.01273693123968
STARLINK-4426           
1 53484U 22099V   24317.87178314  .00016876  00000+0  13148-2 0  9998
2 53484  97.6547  76.5898 0002054  90.6399 269.5060 15.01274270123692
STARLINK-4430           
1 53485U 22099W   24317.93286762  .00008289  00000+0  64895-3 0  9998
2 53485  97.6538  76.6494 0001773  94.9091 265.2335 15.01273154123709
STARLINK-4431           
1 53486U 22099X   24318.06987433  .00009849  00000+0  77001-3 0  9993
2 53486  97.6543  76.7855 0001812  98.9279 261.2151 15.01276232123964
STARLINK-4432           
1 53487U 22099Y   24318.07012199  .00007607  00000+0  59597-3 0  9993
2 53487  97.6545  76.7676 0001900  94.1489 265.9952 15.01271903123967
STARLINK-4421           
1 53488U 22099Z   24318.06802496  .00009922  00000+0  77551-3 0  9992
2 53488  97.6541  76.7827 0001971  99.9050 260.2397 15.01283364123962
STARLINK-4392           
1 53489U 22099AA  24317.93496740  .00005565  00000+0  43751-3 0  9993
2 53489  97.6551  76.6335 0001718  93.2780 266.8641 15.01263089123701
STARLINK-4387           
1 53490U 22099AB  24317.93101953  .00006039  00000+0  47427-3 0  9995
2 53490  97.6542  76.6475 0001784  93.5745 266.5684 15.01266663123700
STARLINK-4450           
1 53491U 22099AC  24317.92015203  .00009996  00000+0  78153-3 0  9992
2 53491  97.6531  76.6387 0001127  99.1239 261.0112 15.01270866123708
STARLINK-4451           
1 53492U 22099AD  24317.85880810  .00000810  00000+0  67615-4 0  9997
2 53492  97.6531  76.5788 0000923  99.0524 261.0805 15.01274171123692
STARLINK-4361           
1 53493U 22099AE  24318.05691463  .00011599  00000+0  90573-3 0  9999
2 53493  97.6537  76.7592 0001469  99.0384 261.1007 15.01276959123965
STARLINK-4340           
1 53494U 22099AF  24317.92755883  .00008733  00000+0  68343-3 0  9998
2 53494  97.6539  76.6362 0001570  96.8266 263.3136 15.01273241123709
STARLINK-4429           
1 53495U 22099AG  24317.91805643  .00007404  00000+0  58034-3 0  9998
2 53495  97.6532  76.6268 0001112 100.1561 259.9788 15.01268029123956
STARLINK-4465           
1 53496U 22099AH  24317.92175691  .00006124  00000+0  48084-3 0  9995
2 53496  97.6538  76.6331 0001308 104.6383 255.4986 15.01271600123705
STARLINK-4453           
1 53497U 22099AJ  24317.91435120  .00005539  00000+0  43549-3 0  9991
2 53497  97.6547  76.6207 0000902 260.0232 100.0891 15.01259373123700
STARLINK-4439           
1 53498U 22099AK  24317.91459583  .00009246  00000+0  72331-3 0  9991
2 53498  97.6542  76.6328 0000657 125.3976 234.7310 15.01271405123706
STARLINK-4454           
1 53499U 22099AL  24318.05321241  .00009117  00000+0  71322-3 0  9993
2 53499  97.6530  76.7449 0001015 101.1604 258.9734 15.01272270123965
STARLINK-4455           
1 53500U 22099AM  24318.04950624  .00007830  00000+0  61337-3 0  9993
2 53500  97.6538  76.7548 0000432  75.4386 284.6886 15.01271905123977
STARLINK-4434           
1 53501U 22099AN  24317.90694092  .00005760  00000+0  45265-3 0  9994
2 53501  97.6568  76.6114 0003274 251.9435 108.1432 15.01259159123707
STARLINK-4435           
1 53502U 22099AP  24317.91249627  .00002842  00000+0  22578-3 0  9996
2 53502  97.6551  76.6173 0001148 251.0461 109.0638 15.01260155123709
STARLINK-4461           
1 53503U 22099AQ  24317.91274534  .00004905  00000+0  38617-3 0  9995
2 53503  97.6550  76.6045 0000669 221.1565 138.9608 15.01265600123705
STARLINK-4448           
1 53504U 22099AR  24317.91064465  .00006286  00000+0  49345-3 0  9990
2 53504  97.6559  76.6123 0002345 246.8502 113.2475 15.01265354123704
STARLINK-4446           
1 53505U 22099AS  24317.90322948  .00003107  00000+0  24634-3 0  9996
2 53505  97.6565  76.6033 0004834 251.5593 108.5106 15.01259464123703
STARLINK-4437           
1 53506U 22099AT  24317.90879225  .00009724  00000+0  76034-3 0  9994
2 53506  97.6558  76.6014 0002528 251.6547 108.4402 15.01270982123709
STARLINK-4444           
1 53507U 22099AU  24317.90138385  .00004567  00000+0  35986-3 0  9991
2 53507  97.6575  76.6003 0003167 258.2961 101.7908 15.01262745123705
STARLINK-4443           
1 53508U 22099AV  24317.90508502  .00002718  00000+0  21617-3 0  9996
2 53508  97.6580  76.6046 0003905 250.1319 109.9484 15.01256514123703
STARLINK-4402           
1 53509U 22099AW  24317.89953889  .00010549  00000+0  82530-3 0  9999
2 53509  97.6566  76.5972 0002845 259.4190 100.6714 15.01228075123701
STARLINK-4441           
1 53510U 22099AX  24317.89583235 -.00001549  00000+0 -11604-3 0  9991
2 53510  97.6610  76.6108 0003005 149.2169 210.9232 15.01249684123705
